{
  "nbformat": 4,
  "nbformat_minor": 0,
  "metadata": {
    "colab": {
      "name": "Fuzzy_Assignment.ipynb",
      "provenance": [],
      "collapsed_sections": [],
      "authorship_tag": "ABX9TyNAmEmq2oJbSn4/qJ4wFGvy",
      "include_colab_link": true
    },
    "kernelspec": {
      "name": "python3",
      "display_name": "Python 3"
    },
    "language_info": {
      "name": "python"
    }
  },
  "cells": [
    {
      "cell_type": "markdown",
      "metadata": {
        "id": "view-in-github",
        "colab_type": "text"
      },
      "source": [
        "<a href=\"https://colab.research.google.com/github/krishrocks11/Learning/blob/main/NN%20Assignment%202/Fuzzy_Assignment.ipynb\" target=\"_parent\"><img src=\"https://colab.research.google.com/assets/colab-badge.svg\" alt=\"Open In Colab\"/></a>"
      ]
    },
    {
      "cell_type": "code",
      "metadata": {
        "colab": {
          "base_uri": "https://localhost:8080/"
        },
        "id": "4GS7Ssp00LnJ",
        "outputId": "39c3dcc2-aa99-443a-9c28-2b75d4d1b48c"
      },
      "source": [
        "!pip install -U scikit-fuzzy"
      ],
      "execution_count": null,
      "outputs": [
        {
          "output_type": "stream",
          "name": "stdout",
          "text": [
            "Requirement already satisfied: scikit-fuzzy in /usr/local/lib/python3.7/dist-packages (0.4.2)\n",
            "Requirement already satisfied: networkx>=1.9.0 in /usr/local/lib/python3.7/dist-packages (from scikit-fuzzy) (2.6.3)\n",
            "Requirement already satisfied: numpy>=1.6.0 in /usr/local/lib/python3.7/dist-packages (from scikit-fuzzy) (1.19.5)\n",
            "Requirement already satisfied: scipy>=0.9.0 in /usr/local/lib/python3.7/dist-packages (from scikit-fuzzy) (1.4.1)\n"
          ]
        }
      ]
    },
    {
      "cell_type": "code",
      "metadata": {
        "id": "oFoKUbq4rn3T"
      },
      "source": [
        "import numpy as np\n",
        "import math\n",
        "x = [[0.1, 0.7, 0.2, 0.0],[0.0, 0.5, 0.5, 0.0],[0.2, 0.2, 0.2, 0.4],[0.8, 0.1, 0.0, 0.1],[0.3, 0.0, 0.4, 0.3],[0.0, 0.4, 0.0, 0.6],[0.5, 0.0, 0.4, 0.1],[0.6, 0.3, 0.0, 0.1],[0.0, 0.5, 0.1, 0.4],[0.1, 0.6, 0.0, 0.3],[0.3, 0.2, 0.1, 0.4],[0.1, 0.5, 0.4, 0.0],[0.2, 0.0, 0.2, 0.6],[0.2, 0.6, 0.1, 0.1],[0.1, 0.7, 0.1, 0.1],[0.2, 0.4, 0.2, 0.2]]\n",
        "R = np.zeros([16,16])\n",
        "R_prime = np.zeros([16,16])\n",
        "R_prime_1 = np.zeros([16,16])\n",
        "R_prime_2 = np.zeros([16,16])\n",
        "R_prime_3 = np.zeros([16,16])\n",
        "R_prime_4 = np.zeros([16,16])\n",
        "R_alpha_4 = np.zeros([16,16])\n",
        "R_alpha_6 = np.zeros([16,16])\n",
        "R_alpha_8 = np.zeros([16,16])\n",
        "dot = 0\n",
        "mag_i = 0\n",
        "mag_j = 0\n",
        "for i in range(16):\n",
        "  for j in range(16):\n",
        "    for k in range(4):\n",
        "      dot += x[i][k]*x[j][k]\n",
        "      mag_i += x[i][k]*x[i][k]\n",
        "      mag_j += x[j][k]*x[j][k]\n",
        "    R[i][j] = abs(dot)/(math.sqrt(mag_i*mag_j))\n",
        "    dot = 0\n",
        "    mag_i = 0\n",
        "    mag_j = 0\n",
        "\n",
        "\n"
      ],
      "execution_count": null,
      "outputs": []
    },
    {
      "cell_type": "code",
      "metadata": {
        "colab": {
          "base_uri": "https://localhost:8080/"
        },
        "id": "WnPtueb__LR4",
        "outputId": "30774329-40b1-4ae8-ef7d-a47ba4bbd699"
      },
      "source": [
        "R"
      ],
      "execution_count": null,
      "outputs": [
        {
          "output_type": "execute_result",
          "data": {
            "text/plain": [
              "array([[1.        , 0.8660254 , 0.5143445 , 0.25125945, 0.25671802,\n",
              "        0.52839595, 0.27297434, 0.54173634, 0.77692697, 0.86276528,\n",
              "        0.4720588 , 0.92391316, 0.12309149, 0.96590921, 0.98130676,\n",
              "        0.87438565],\n",
              "       [0.8660254 , 1.        , 0.53452248, 0.08703883, 0.48507125,\n",
              "        0.39223227, 0.43643578, 0.31277162, 0.65465367, 0.62554324,\n",
              "        0.38729833, 0.98198051, 0.21320072, 0.76376262, 0.78446454,\n",
              "        0.80178373],\n",
              "       [0.5143445 , 0.53452248, 1.        , 0.51176632, 0.84266484,\n",
              "        0.83862787, 0.64153303, 0.61300603, 0.81649658, 0.72446168,\n",
              "        0.96609178, 0.58321184, 0.91168461, 0.64153303, 0.57655666,\n",
              "        0.85714286],\n",
              "       [0.25125945, 0.08703883, 0.51176632, 1.        , 0.56997045,\n",
              "        0.17069719, 0.77873061, 0.94374021, 0.17094086, 0.30853045,\n",
              "        0.67419986, 0.24691458, 0.40824829, 0.43684888, 0.2731155 ,\n",
              "        0.51176632],\n",
              "       [0.25671802, 0.48507125, 0.84266484, 0.56997045, 1.        ,\n",
              "        0.42808634, 0.89973541, 0.53100782, 0.4234049 , 0.30343304,\n",
              "        0.78278036, 0.50279332, 0.8273403 , 0.34401648, 0.23782575,\n",
              "        0.64820372],\n",
              "       [0.52839595, 0.39223227, 0.83862787, 0.17069719, 0.42808634,\n",
              "        1.        , 0.12838815, 0.36803737, 0.94151308, 0.85875386,\n",
              "        0.81019149, 0.42796049, 0.75261781, 0.64194074, 0.65384615,\n",
              "        0.73379939],\n",
              "       [0.27297434, 0.43643578, 0.64153303, 0.77873061, 0.89973541,\n",
              "        0.12838815, 1.        , 0.70527442, 0.19047619, 0.1820063 ,\n",
              "        0.6479516 , 0.5       , 0.55829053, 0.35714286, 0.21398025,\n",
              "        0.58321184],\n",
              "       [0.54173634, 0.31277162, 0.61300603, 0.94374021, 0.53100782,\n",
              "        0.36803737, 0.70527442, 1.        , 0.43226497, 0.58695652,\n",
              "        0.75373466, 0.47776654, 0.4000988 , 0.70527442, 0.57250257,\n",
              "        0.72446168],\n",
              "       [0.77692697, 0.65465367, 0.81649658, 0.17094086, 0.4234049 ,\n",
              "        0.94151308, 0.19047619, 0.43226497, 1.        , 0.95553309,\n",
              "        0.76063883, 0.69047619, 0.60481474, 0.83333333, 0.85592099,\n",
              "        0.87481777],\n",
              "       [0.86276528, 0.62554324, 0.72446168, 0.30853045, 0.30343304,\n",
              "        0.85875386, 0.1820063 , 0.58695652, 0.95553309, 1.        ,\n",
              "        0.72681557, 0.70527442, 0.44455422, 0.9327823 , 0.94053994,\n",
              "        0.89164514],\n",
              "       [0.4720588 , 0.38729833, 0.96609178, 0.67419986, 0.78278036,\n",
              "        0.81019149, 0.6479516 , 0.75373466, 0.76063883, 0.72681557,\n",
              "        1.        , 0.47892074, 0.88077101, 0.6479516 , 0.55700665,\n",
              "        0.82807867],\n",
              "       [0.92391316, 0.98198051, 0.58321184, 0.24691458, 0.50279332,\n",
              "        0.42796049, 0.5       , 0.47776654, 0.69047619, 0.70527442,\n",
              "        0.47892074, 1.        , 0.23262105, 0.85714286, 0.85592099,\n",
              "        0.87481777],\n",
              "       [0.12309149, 0.21320072, 0.91168461, 0.40824829, 0.8273403 ,\n",
              "        0.75261781, 0.55829053, 0.4000988 , 0.60481474, 0.44455422,\n",
              "        0.88077101, 0.23262105, 1.        , 0.27914526, 0.2090605 ,\n",
              "        0.56980288],\n",
              "       [0.96590921, 0.76376262, 0.64153303, 0.43684888, 0.34401648,\n",
              "        0.64194074, 0.35714286, 0.70527442, 0.83333333, 0.9327823 ,\n",
              "        0.6479516 , 0.85714286, 0.27914526, 1.        , 0.98430913,\n",
              "        0.93313895],\n",
              "       [0.98130676, 0.78446454, 0.57655666, 0.2731155 , 0.23782575,\n",
              "        0.65384615, 0.21398025, 0.57250257, 0.85592099, 0.94053994,\n",
              "        0.55700665, 0.85592099, 0.2090605 , 0.98430913, 1.        ,\n",
              "        0.89104211],\n",
              "       [0.87438565, 0.80178373, 0.85714286, 0.51176632, 0.64820372,\n",
              "        0.73379939, 0.58321184, 0.72446168, 0.87481777, 0.89164514,\n",
              "        0.82807867, 0.87481777, 0.56980288, 0.93313895, 0.89104211,\n",
              "        1.        ]])"
            ]
          },
          "metadata": {},
          "execution_count": 144
        }
      ]
    },
    {
      "cell_type": "code",
      "metadata": {
        "id": "AbW4lAywy4Nz"
      },
      "source": [
        "import skfuzzy\n",
        "#R_prime = R\n",
        "#R_prime[2][4] = R[2][4]\n",
        "R_prime = skfuzzy.fuzzymath.maxmin_composition(R, R)\n",
        "#R_prime = skfuzzy.fuzzymath.maxmin_composition(R_prime, R_prime)\n",
        "#if (R_prime.all() == R.all()):\n",
        "#  print(\"budududu\")\n",
        "#else:\n",
        "#  print(\"badadadada\")\n",
        "#R_prime == R"
      ],
      "execution_count": null,
      "outputs": []
    },
    {
      "cell_type": "code",
      "metadata": {
        "id": "DuJL91DwC9M-"
      },
      "source": [
        "R_prime_1 = skfuzzy.fuzzymath.maxmin_composition(R_prime, R_prime)\n",
        "R_prime_2 = skfuzzy.fuzzymath.maxmin_composition(R_prime_1, R_prime_1)\n",
        "R_prime_3 = skfuzzy.fuzzymath.maxmin_composition(R_prime_2, R_prime_2)\n",
        "#R_prime_2 == R_prime_3"
      ],
      "execution_count": null,
      "outputs": []
    },
    {
      "cell_type": "code",
      "metadata": {
        "colab": {
          "base_uri": "https://localhost:8080/"
        },
        "id": "rFSSEnSV1-VV",
        "outputId": "5d53a332-383a-4856-96a1-dc8738209a4d"
      },
      "source": [
        "#R_prime\n",
        "R_prime_3"
      ],
      "execution_count": null,
      "outputs": [
        {
          "output_type": "execute_result",
          "data": {
            "text/plain": [
              "array([[1.        , 0.92391316, 0.85714286, 0.77873061, 0.84266484,\n",
              "        0.94053994, 0.84266484, 0.77873061, 0.94053994, 0.94053994,\n",
              "        0.85714286, 0.92391316, 0.85714286, 0.98130676, 0.98130676,\n",
              "        0.93313895],\n",
              "       [0.92391316, 1.        , 0.85714286, 0.77873061, 0.84266484,\n",
              "        0.92391316, 0.84266484, 0.77873061, 0.92391316, 0.92391316,\n",
              "        0.85714286, 0.98198051, 0.85714286, 0.92391316, 0.92391316,\n",
              "        0.92391316],\n",
              "       [0.85714286, 0.85714286, 1.        , 0.77873061, 0.84266484,\n",
              "        0.85714286, 0.84266484, 0.77873061, 0.85714286, 0.85714286,\n",
              "        0.96609178, 0.85714286, 0.91168461, 0.85714286, 0.85714286,\n",
              "        0.85714286],\n",
              "       [0.77873061, 0.77873061, 0.77873061, 1.        , 0.77873061,\n",
              "        0.77873061, 0.77873061, 0.94374021, 0.77873061, 0.77873061,\n",
              "        0.77873061, 0.77873061, 0.77873061, 0.77873061, 0.77873061,\n",
              "        0.77873061],\n",
              "       [0.84266484, 0.84266484, 0.84266484, 0.77873061, 1.        ,\n",
              "        0.84266484, 0.89973541, 0.77873061, 0.84266484, 0.84266484,\n",
              "        0.84266484, 0.84266484, 0.84266484, 0.84266484, 0.84266484,\n",
              "        0.84266484],\n",
              "       [0.94053994, 0.92391316, 0.85714286, 0.77873061, 0.84266484,\n",
              "        1.        , 0.84266484, 0.77873061, 0.94151308, 0.94151308,\n",
              "        0.85714286, 0.92391316, 0.85714286, 0.94053994, 0.94053994,\n",
              "        0.93313895],\n",
              "       [0.84266484, 0.84266484, 0.84266484, 0.77873061, 0.89973541,\n",
              "        0.84266484, 1.        , 0.77873061, 0.84266484, 0.84266484,\n",
              "        0.84266484, 0.84266484, 0.84266484, 0.84266484, 0.84266484,\n",
              "        0.84266484],\n",
              "       [0.77873061, 0.77873061, 0.77873061, 0.94374021, 0.77873061,\n",
              "        0.77873061, 0.77873061, 1.        , 0.77873061, 0.77873061,\n",
              "        0.77873061, 0.77873061, 0.77873061, 0.77873061, 0.77873061,\n",
              "        0.77873061],\n",
              "       [0.94053994, 0.92391316, 0.85714286, 0.77873061, 0.84266484,\n",
              "        0.94151308, 0.84266484, 0.77873061, 1.        , 0.95553309,\n",
              "        0.85714286, 0.92391316, 0.85714286, 0.94053994, 0.94053994,\n",
              "        0.93313895],\n",
              "       [0.94053994, 0.92391316, 0.85714286, 0.77873061, 0.84266484,\n",
              "        0.94151308, 0.84266484, 0.77873061, 0.95553309, 1.        ,\n",
              "        0.85714286, 0.92391316, 0.85714286, 0.94053994, 0.94053994,\n",
              "        0.93313895],\n",
              "       [0.85714286, 0.85714286, 0.96609178, 0.77873061, 0.84266484,\n",
              "        0.85714286, 0.84266484, 0.77873061, 0.85714286, 0.85714286,\n",
              "        1.        , 0.85714286, 0.91168461, 0.85714286, 0.85714286,\n",
              "        0.85714286],\n",
              "       [0.92391316, 0.98198051, 0.85714286, 0.77873061, 0.84266484,\n",
              "        0.92391316, 0.84266484, 0.77873061, 0.92391316, 0.92391316,\n",
              "        0.85714286, 1.        , 0.85714286, 0.92391316, 0.92391316,\n",
              "        0.92391316],\n",
              "       [0.85714286, 0.85714286, 0.91168461, 0.77873061, 0.84266484,\n",
              "        0.85714286, 0.84266484, 0.77873061, 0.85714286, 0.85714286,\n",
              "        0.91168461, 0.85714286, 1.        , 0.85714286, 0.85714286,\n",
              "        0.85714286],\n",
              "       [0.98130676, 0.92391316, 0.85714286, 0.77873061, 0.84266484,\n",
              "        0.94053994, 0.84266484, 0.77873061, 0.94053994, 0.94053994,\n",
              "        0.85714286, 0.92391316, 0.85714286, 1.        , 0.98430913,\n",
              "        0.93313895],\n",
              "       [0.98130676, 0.92391316, 0.85714286, 0.77873061, 0.84266484,\n",
              "        0.94053994, 0.84266484, 0.77873061, 0.94053994, 0.94053994,\n",
              "        0.85714286, 0.92391316, 0.85714286, 0.98430913, 1.        ,\n",
              "        0.93313895],\n",
              "       [0.93313895, 0.92391316, 0.85714286, 0.77873061, 0.84266484,\n",
              "        0.93313895, 0.84266484, 0.77873061, 0.93313895, 0.93313895,\n",
              "        0.85714286, 0.92391316, 0.85714286, 0.93313895, 0.93313895,\n",
              "        1.        ]])"
            ]
          },
          "metadata": {},
          "execution_count": 147
        }
      ]
    },
    {
      "cell_type": "code",
      "metadata": {
        "id": "TKNCxrZy0Uqr"
      },
      "source": [
        "for i in range(16):\n",
        "  for j in range(16):\n",
        "    if (R_prime_3[i][j]>=0.4):\n",
        "      R_alpha_4[i][j] = 1\n"
      ],
      "execution_count": null,
      "outputs": []
    },
    {
      "cell_type": "code",
      "metadata": {
        "colab": {
          "base_uri": "https://localhost:8080/"
        },
        "id": "6a4Yz0Tb1yNR",
        "outputId": "a6b2a05d-28c9-457c-f4cb-632c50468c4d"
      },
      "source": [
        "R_alpha_4"
      ],
      "execution_count": null,
      "outputs": [
        {
          "output_type": "execute_result",
          "data": {
            "text/plain": [
              "array([[1., 1., 1., 1., 1., 1., 1., 1., 1., 1., 1., 1., 1., 1., 1., 1.],\n",
              "       [1., 1., 1., 1., 1., 1., 1., 1., 1., 1., 1., 1., 1., 1., 1., 1.],\n",
              "       [1., 1., 1., 1., 1., 1., 1., 1., 1., 1., 1., 1., 1., 1., 1., 1.],\n",
              "       [1., 1., 1., 1., 1., 1., 1., 1., 1., 1., 1., 1., 1., 1., 1., 1.],\n",
              "       [1., 1., 1., 1., 1., 1., 1., 1., 1., 1., 1., 1., 1., 1., 1., 1.],\n",
              "       [1., 1., 1., 1., 1., 1., 1., 1., 1., 1., 1., 1., 1., 1., 1., 1.],\n",
              "       [1., 1., 1., 1., 1., 1., 1., 1., 1., 1., 1., 1., 1., 1., 1., 1.],\n",
              "       [1., 1., 1., 1., 1., 1., 1., 1., 1., 1., 1., 1., 1., 1., 1., 1.],\n",
              "       [1., 1., 1., 1., 1., 1., 1., 1., 1., 1., 1., 1., 1., 1., 1., 1.],\n",
              "       [1., 1., 1., 1., 1., 1., 1., 1., 1., 1., 1., 1., 1., 1., 1., 1.],\n",
              "       [1., 1., 1., 1., 1., 1., 1., 1., 1., 1., 1., 1., 1., 1., 1., 1.],\n",
              "       [1., 1., 1., 1., 1., 1., 1., 1., 1., 1., 1., 1., 1., 1., 1., 1.],\n",
              "       [1., 1., 1., 1., 1., 1., 1., 1., 1., 1., 1., 1., 1., 1., 1., 1.],\n",
              "       [1., 1., 1., 1., 1., 1., 1., 1., 1., 1., 1., 1., 1., 1., 1., 1.],\n",
              "       [1., 1., 1., 1., 1., 1., 1., 1., 1., 1., 1., 1., 1., 1., 1., 1.],\n",
              "       [1., 1., 1., 1., 1., 1., 1., 1., 1., 1., 1., 1., 1., 1., 1., 1.]])"
            ]
          },
          "metadata": {},
          "execution_count": 149
        }
      ]
    },
    {
      "cell_type": "code",
      "metadata": {
        "id": "ikPXEY7i10JL"
      },
      "source": [
        "for i in range(16):\n",
        "  for j in range(16):\n",
        "    if (R_prime_3[i][j]>=0.8):\n",
        "      R_alpha_8[i][j] = 1"
      ],
      "execution_count": null,
      "outputs": []
    },
    {
      "cell_type": "code",
      "metadata": {
        "colab": {
          "base_uri": "https://localhost:8080/"
        },
        "id": "yL_yagvY2IRx",
        "outputId": "9d03ca07-ee61-4d07-a6b9-dc07cd7695da"
      },
      "source": [
        "R_alpha_8"
      ],
      "execution_count": null,
      "outputs": [
        {
          "output_type": "execute_result",
          "data": {
            "text/plain": [
              "array([[1., 1., 1., 0., 1., 1., 1., 0., 1., 1., 1., 1., 1., 1., 1., 1.],\n",
              "       [1., 1., 1., 0., 1., 1., 1., 0., 1., 1., 1., 1., 1., 1., 1., 1.],\n",
              "       [1., 1., 1., 0., 1., 1., 1., 0., 1., 1., 1., 1., 1., 1., 1., 1.],\n",
              "       [0., 0., 0., 1., 0., 0., 0., 1., 0., 0., 0., 0., 0., 0., 0., 0.],\n",
              "       [1., 1., 1., 0., 1., 1., 1., 0., 1., 1., 1., 1., 1., 1., 1., 1.],\n",
              "       [1., 1., 1., 0., 1., 1., 1., 0., 1., 1., 1., 1., 1., 1., 1., 1.],\n",
              "       [1., 1., 1., 0., 1., 1., 1., 0., 1., 1., 1., 1., 1., 1., 1., 1.],\n",
              "       [0., 0., 0., 1., 0., 0., 0., 1., 0., 0., 0., 0., 0., 0., 0., 0.],\n",
              "       [1., 1., 1., 0., 1., 1., 1., 0., 1., 1., 1., 1., 1., 1., 1., 1.],\n",
              "       [1., 1., 1., 0., 1., 1., 1., 0., 1., 1., 1., 1., 1., 1., 1., 1.],\n",
              "       [1., 1., 1., 0., 1., 1., 1., 0., 1., 1., 1., 1., 1., 1., 1., 1.],\n",
              "       [1., 1., 1., 0., 1., 1., 1., 0., 1., 1., 1., 1., 1., 1., 1., 1.],\n",
              "       [1., 1., 1., 0., 1., 1., 1., 0., 1., 1., 1., 1., 1., 1., 1., 1.],\n",
              "       [1., 1., 1., 0., 1., 1., 1., 0., 1., 1., 1., 1., 1., 1., 1., 1.],\n",
              "       [1., 1., 1., 0., 1., 1., 1., 0., 1., 1., 1., 1., 1., 1., 1., 1.],\n",
              "       [1., 1., 1., 0., 1., 1., 1., 0., 1., 1., 1., 1., 1., 1., 1., 1.]])"
            ]
          },
          "metadata": {},
          "execution_count": 151
        }
      ]
    },
    {
      "cell_type": "code",
      "metadata": {
        "id": "QwGb3eon-Swz"
      },
      "source": [
        "for i in range(16):\n",
        "  for j in range(16):\n",
        "    if (R_prime_3[i][j]>=0.85):\n",
        "      R_alpha_6[i][j] = 1"
      ],
      "execution_count": null,
      "outputs": []
    },
    {
      "cell_type": "code",
      "metadata": {
        "colab": {
          "base_uri": "https://localhost:8080/"
        },
        "id": "BkxQLtvI-qaB",
        "outputId": "ee93d409-308c-4353-8b32-9cf89866d38c"
      },
      "source": [
        "R_alpha_6"
      ],
      "execution_count": null,
      "outputs": [
        {
          "output_type": "execute_result",
          "data": {
            "text/plain": [
              "array([[1., 1., 1., 0., 0., 1., 0., 0., 1., 1., 1., 1., 1., 1., 1., 1.],\n",
              "       [1., 1., 1., 0., 0., 1., 0., 0., 1., 1., 1., 1., 1., 1., 1., 1.],\n",
              "       [1., 1., 1., 0., 0., 1., 0., 0., 1., 1., 1., 1., 1., 1., 1., 1.],\n",
              "       [0., 0., 0., 1., 0., 0., 0., 1., 0., 0., 0., 0., 0., 0., 0., 0.],\n",
              "       [0., 0., 0., 0., 1., 0., 1., 0., 0., 0., 0., 0., 0., 0., 0., 0.],\n",
              "       [1., 1., 1., 0., 0., 1., 0., 0., 1., 1., 1., 1., 1., 1., 1., 1.],\n",
              "       [0., 0., 0., 0., 1., 0., 1., 0., 0., 0., 0., 0., 0., 0., 0., 0.],\n",
              "       [0., 0., 0., 1., 0., 0., 0., 1., 0., 0., 0., 0., 0., 0., 0., 0.],\n",
              "       [1., 1., 1., 0., 0., 1., 0., 0., 1., 1., 1., 1., 1., 1., 1., 1.],\n",
              "       [1., 1., 1., 0., 0., 1., 0., 0., 1., 1., 1., 1., 1., 1., 1., 1.],\n",
              "       [1., 1., 1., 0., 0., 1., 0., 0., 1., 1., 1., 1., 1., 1., 1., 1.],\n",
              "       [1., 1., 1., 0., 0., 1., 0., 0., 1., 1., 1., 1., 1., 1., 1., 1.],\n",
              "       [1., 1., 1., 0., 0., 1., 0., 0., 1., 1., 1., 1., 1., 1., 1., 1.],\n",
              "       [1., 1., 1., 0., 0., 1., 0., 0., 1., 1., 1., 1., 1., 1., 1., 1.],\n",
              "       [1., 1., 1., 0., 0., 1., 0., 0., 1., 1., 1., 1., 1., 1., 1., 1.],\n",
              "       [1., 1., 1., 0., 0., 1., 0., 0., 1., 1., 1., 1., 1., 1., 1., 1.]])"
            ]
          },
          "metadata": {},
          "execution_count": 153
        }
      ]
    },
    {
      "cell_type": "code",
      "metadata": {
        "id": "qruHLKsrERCD"
      },
      "source": [
        ""
      ],
      "execution_count": null,
      "outputs": []
    }
  ]
}